# https://docs.google.com/spreadsheet/ccc?key=0Aj8HGyYlyz01dFkzbFBQamRrMVB6V2t5MU1iQ3ZKdmc#gid=4
161800	1.477000	0.324000	0.789000	qqWH100_lnubb
161801	1.242000	0.324000	0.771000	qqWH105_lnubb
161802	1.071000	0.324000	0.744000	qqWH110_lnubb
161803	0.926600	0.324000	0.703000	qqWH115_lnubb
161804	0.805200	0.324000	0.648000	qqWH120_lnubb
161805	0.704600	0.324000	0.577000	qqWH125_lnubb
161806	0.616900	0.324000	0.494000	qqWH130_lnubb
161807	0.541600	0.324000	0.404000	qqWH135_lnubb
161808	0.476800	0.324000	0.315000	qqWH140_lnubb
161809	0.421600	0.324000	0.232000	qqWH145_lnubb
161810	0.372800	0.324000	0.157000	qqWH150_lnubb
161822	0.767690	0.100974	0.789000	qqZH100_llbb
161823	0.661810	0.100974	0.771000	qqZH105_llbb
161824	0.574100	0.100974	0.744000	qqZH110_llbb
161825	0.499460	0.100974	0.703000	qqZH115_llbb
161826	0.436610	0.100974	0.648000	qqZH120_llbb
161827	0.382840	0.100974	0.577000	qqZH125_llbb
161828	0.336500	0.100974	0.494000	qqZH130_llbb
161829	0.297110	0.100974	0.404000	qqZH135_llbb
161830	0.262730	0.100974	0.315000	qqZH140_llbb
161831	0.232910	0.100974	0.232000	qqZH145_llbb
161832	0.207070	0.100974	0.157000	qqZH150_llbb
161844	0.767690	0.200000	0.789000	qqZH100_nunubb
161845	0.661810	0.200000	0.771000	qqZH105_nunubb
161846	0.574100	0.200000	0.744000	qqZH110_nunubb
161847	0.499460	0.200000	0.703000	qqZH115_nunubb
161848	0.436610	0.200000	0.648000	qqZH120_nunubb
161849	0.382840	0.200000	0.577000	qqZH125_nunubb
161850	0.336500	0.200000	0.494000	qqZH130_nunubb
161851	0.297110	0.200000	0.404000	qqZH135_nunubb
161852	0.262730	0.200000	0.315000	qqZH140_nunubb
161853	0.232910	0.200000	0.232000	qqZH145_nunubb
161854	0.207070	0.200000	0.157000	qqZH150_nunubb
189310	0.042510	0.789000	0.033640	ggZH100_eebb
189311	0.042510	0.789000	0.033660	ggZH100_mumubb
189312	0.042510	0.789000	0.033700	ggZH100_tautaubb
189313	0.042510	0.789000	0.066670	ggZH100_nuenuebb
189314	0.042510	0.789000	0.066660	ggZH100_numunumubb
189315	0.042510	0.789000	0.066660	ggZH100_nutaunutaubb
189316	0.040390	0.771000	0.033640	ggZH105_eebb
189317	0.040390	0.771000	0.033660	ggZH105_mumubb
189318	0.040390	0.771000	0.033700	ggZH105_tautaubb
189319	0.040390	0.771000	0.066670	ggZH105_nuenuebb
189320	0.040390	0.771000	0.066660	ggZH105_numunumubb
189321	0.040390	0.771000	0.066660	ggZH105_nutaunutaubb
189322	0.038400	0.744000	0.033640	ggZH110_eebb
189323	0.038400	0.744000	0.033660	ggZH110_mumubb
189324	0.038400	0.744000	0.033700	ggZH110_tautaubb
189325	0.038400	0.744000	0.066670	ggZH110_nuenuebb
189326	0.038400	0.744000	0.066660	ggZH110_numunumubb
189327	0.038400	0.744000	0.066660	ggZH110_nutaunutaubb
189328	0.036340	0.703000	0.033640	ggZH115_eebb
189329	0.036340	0.703000	0.033660	ggZH115_mumubb
189330	0.036340	0.703000	0.033700	ggZH115_tautaubb
189331	0.036340	0.703000	0.066670	ggZH115_nuenuebb
189332	0.036340	0.703000	0.066660	ggZH115_numunumubb
189333	0.036340	0.703000	0.066660	ggZH115_nutaunutaubb
189334	0.034390	0.648000	0.033640	ggZH120_eebb
189335	0.034390	0.648000	0.033660	ggZH120_mumubb
189336	0.034390	0.648000	0.033700	ggZH120_tautaubb
189337	0.034390	0.648000	0.066670	ggZH120_nuenuebb
189338	0.034390	0.648000	0.066660	ggZH120_numunumubb
189339	0.034390	0.648000	0.066660	ggZH120_nutaunutaubb
189340	0.032460	0.577000	0.033640	ggZH125_eebb
189341	0.032460	0.577000	0.033660	ggZH125_mumubb
189342	0.032460	0.577000	0.033700	ggZH125_tautaubb
189343	0.032460	0.577000	0.066670	ggZH125_nuenuebb
189344	0.032460	0.577000	0.066660	ggZH125_numunumubb
189345	0.032460	0.577000	0.066660	ggZH125_nutaunutaubb
189346	0.030600	0.494000	0.033640	ggZH130_eebb
189347	0.030600	0.494000	0.033660	ggZH130_mumubb
189348	0.030600	0.494000	0.033700	ggZH130_tautaubb
189349	0.030600	0.494000	0.066670	ggZH130_nuenuebb
189350	0.030600	0.494000	0.066660	ggZH130_numunumubb
189351	0.030600	0.494000	0.066660	ggZH130_nutaunutaubb
189352	0.028790	0.404000	0.033640	ggZH135_eebb
189353	0.028790	0.404000	0.033660	ggZH135_mumubb
189354	0.028790	0.404000	0.033700	ggZH135_tautaubb
189355	0.028790	0.404000	0.066670	ggZH135_nuenuebb
189356	0.028790	0.404000	0.066660	ggZH135_numunumubb
189357	0.028790	0.404000	0.066660	ggZH135_nutaunutaubb
189358	0.027070	0.315000	0.033640	ggZH140_eebb
189359	0.027070	0.315000	0.033660	ggZH140_mumubb
189360	0.027070	0.315000	0.033700	ggZH140_tautaubb
189361	0.027070	0.315000	0.066670	ggZH140_nuenuebb
189362	0.027070	0.315000	0.066660	ggZH140_numunumubb
189363	0.027070	0.315000	0.066660	ggZH140_nutaunutaubb
189364	0.025390	0.232000	0.033640	ggZH145_eebb
189365	0.025390	0.232000	0.033660	ggZH145_mumubb
189366	0.025390	0.232000	0.033700	ggZH145_tautaubb
189367	0.025390	0.232000	0.066670	ggZH145_nuenuebb
189368	0.025390	0.232000	0.066660	ggZH145_numunumubb
189369	0.025390	0.232000	0.066660	ggZH145_nutaunutaubb
189370	0.023730	0.157000	0.033640	ggZH150_eebb
189371	0.023730	0.157000	0.033660	ggZH150_mumubb
189372	0.023730	0.157000	0.033700	ggZH150_tautaubb
189373	0.023730	0.157000	0.066670	ggZH150_nuenuebb
189374	0.023730	0.157000	0.066660	ggZH150_numunumubb
189375	0.023730	0.157000	0.066660	ggZH150_nutaunutaubb
189420	0.445000	0.577000	0.107500	WpH125J_MINLO_enubb_VpTWt
189421	0.445000	0.577000	0.105700	WpH125J_MINLO_munubb_VpTWt
189422	0.445000	0.577000	0.112500	WpH125J_MINLO_taunubb_VpTWt
189423	0.259700	0.577000	0.107500	WmH125J_MINLO_enubb_VpTWt
189424	0.259700	0.577000	0.105700	WmH125J_MINLO_munubb_VpTWt
189425	0.259700	0.577000	0.112500	WmH125J_MINLO_taunubb_VpTWt
189426	0.382840	0.577000	0.033640	ZH125J_MINLO_eebb_VpTWt
189427	0.382840	0.577000	0.033660	ZH125J_MINLO_mumubb_VpTWt
189428	0.382840	0.577000	0.033700	ZH125J_MINLO_tautaubb_VpTWt
189429	0.382840	0.577000	0.066670	ZH125J_MINLO_nuenuebb_VpTWt
189430	0.382840	0.577000	0.066660	ZH125J_MINLO_numunumubb_VpTWt
189431	0.382840	0.577000	0.066660	ZH125J_MINLO_nutaunutaubb_VpTWt
161995	55.42700	1.000000	1.000000	Herwig_AUET2CTEQ6L1_WW
161996	22.69420	1.000000	1.000000	Herwig_AUET2CTEQ6L1_WZ
169492	7.697000	1.000000	0.164910	Herwig_AUET2CTEQ6L1_ZZ_LepEF_METVeto
169493	7.697000	1.000000	0.230160	Herwig_AUET2CTEQ6L1_ZZ_METEF_LepVeto
181971	52.44000	1.000000	1.000000	PowhegPythia8_AU2CT10_WW
181968	1.594000	1.000000	1.000000	PowhegPythia8_AU2CT10_WZ_hadhad2l_mll020
181969	2.777000	1.000000	1.000000	PowhegPythia8_AU2CT10_WZ_hadhad2nu_mll020
181970	4.870000	1.000000	1.000000	PowhegPythia8_AU2CT10_WZ_lnu2had_mll020
181966	1.207000	1.000000	1.000000	PowhegPythia8_AU2CT10_ZZ_2l2had_mll020
181967	2.081000	1.000000	1.000000	PowhegPythia8_AU2CT10_ZZ_2nu2had_mll020
117050	252.8900	1.000000	0.542980	PowhegPythia_P2011C_ttbar
110101	87.76000	1.000000	0.324000	AcerMCPythia_P2011CCTEQ6L1_singletop_tchan_l
110119	5.610000	1.000000	0.324000	PowhegPythia_P2011C_st_schan
110140	22.37000	1.000000	1.000000	PowhegPythia_P2011C_st_Wtchan
167740	10972.00	1.100000	0.012791	Sherpa_CT10_WenuMassiveCBPt0_BFilter
167741	10972.00	1.100000	0.049019	Sherpa_CT10_WenuMassiveCBPt0_CJetFilterBVeto
167742	10975.00	1.100000	0.938040	Sherpa_CT10_WenuMassiveCBPt0_CJetVetoBVeto
180534	652.6100	1.100000	0.034552	Sherpa_CT10_WenuMassiveCBPt40_70_BFilter
180535	652.7900	1.100000	0.171770	Sherpa_CT10_WenuMassiveCBPt40_70_CJetFilterBVeto
180536	653.1600	1.100000	0.793350	Sherpa_CT10_WenuMassiveCBPt40_70_CJetVetoBVeto
167761	250.5500	1.100000	0.045931	Sherpa_CT10_WenuMassiveCBPt70_140_BFilter
167762	250.7100	1.100000	0.200990	Sherpa_CT10_WenuMassiveCBPt70_140_CJetFilterBVeto
167763	250.6200	1.100000	0.752660	Sherpa_CT10_WenuMassiveCBPt70_140_CJetVetoBVeto
167770	31.16500	1.100000	0.063144	Sherpa_CT10_WenuMassiveCBPt140_280_BFilter
167771	31.18900	1.100000	0.221960	Sherpa_CT10_WenuMassiveCBPt140_280_CJetFilterBVeto
167772	31.11200	1.100000	0.714960	Sherpa_CT10_WenuMassiveCBPt140_280_CJetVetoBVeto
167779	1.839800	1.100000	0.082992	Sherpa_CT10_WenuMassiveCBPt280_500_BFilter
167780	1.837000	1.100000	0.234540	Sherpa_CT10_WenuMassiveCBPt280_500_CJetFilterBVeto
167781	1.842600	1.100000	0.682000	Sherpa_CT10_WenuMassiveCBPt280_500_CJetVetoBVeto
167788	0.101740	1.100000	0.099524	Sherpa_CT10_WenuMassiveCBPt500_BFilter
167789	0.101010	1.100000	0.244400	Sherpa_CT10_WenuMassiveCBPt500_CJetFilterBVeto
167790	0.100930	1.100000	0.657410	Sherpa_CT10_WenuMassiveCBPt500_CJetVetoBVeto
167743	10973.00	1.100000	0.012794	Sherpa_CT10_WmunuMassiveCBPt0_BFilter
167744	10974.00	1.100000	0.042507	Sherpa_CT10_WmunuMassiveCBPt0_CJetFilterBVeto
167745	10976.00	1.100000	0.944580	Sherpa_CT10_WmunuMassiveCBPt0_CJetVetoBVeto
180537	652.8300	1.100000	0.034552	Sherpa_CT10_WmunuMassiveCBPt40_70_BFilter
180538	652.8000	1.100000	0.165760	Sherpa_CT10_WmunuMassiveCBPt40_70_CJetFilterBVeto
180539	653.0600	1.100000	0.799830	Sherpa_CT10_WmunuMassiveCBPt40_70_CJetVetoBVeto
167764	250.5500	1.100000	0.045919	Sherpa_CT10_WmunuMassiveCBPt70_140_BFilter
167765	250.5700	1.100000	0.195060	Sherpa_CT10_WmunuMassiveCBPt70_140_CJetFilterBVeto
167766	250.7900	1.100000	0.758650	Sherpa_CT10_WmunuMassiveCBPt70_140_CJetVetoBVeto
167773	31.16800	1.100000	0.063171	Sherpa_CT10_WmunuMassiveCBPt140_280_BFilter
167774	31.16500	1.100000	0.216470	Sherpa_CT10_WmunuMassiveCBPt140_280_CJetFilterBVeto
167775	31.17300	1.100000	0.720300	Sherpa_CT10_WmunuMassiveCBPt140_280_CJetVetoBVeto
167782	1.838600	1.100000	0.083116	Sherpa_CT10_WmunuMassiveCBPt280_500_BFilter
167783	1.839500	1.100000	0.228450	Sherpa_CT10_WmunuMassiveCBPt280_500_CJetFilterBVeto
167784	1.843300	1.100000	0.687760	Sherpa_CT10_WmunuMassiveCBPt280_500_CJetVetoBVeto
167791	0.101820	1.100000	0.099460	Sherpa_CT10_WmunuMassiveCBPt500_BFilter
167792	0.102100	1.100000	0.238520	Sherpa_CT10_WmunuMassiveCBPt500_CJetFilterBVeto
167793	0.101860	1.100000	0.658370	Sherpa_CT10_WmunuMassiveCBPt500_CJetVetoBVeto
167746	10972.00	1.100000	0.012791	Sherpa_CT10_WtaunuMassiveCBPt0_BFilter
167747	10974.00	1.100000	0.046150	Sherpa_CT10_WtaunuMassiveCBPt0_CJetFilterBVeto
167748	10976.00	1.100000	0.940910	Sherpa_CT10_WtaunuMassiveCBPt0_CJetVetoBVeto
180540	652.9200	1.100000	0.034552	Sherpa_CT10_WtaunuMassiveCBPt40_70_BFilter
180541	652.6200	1.100000	0.169200	Sherpa_CT10_WtaunuMassiveCBPt40_70_CJetFilterBVeto
180542	652.9900	1.100000	0.796160	Sherpa_CT10_WtaunuMassiveCBPt40_70_CJetVetoBVeto
167767	250.5700	1.100000	0.045942	Sherpa_CT10_WtaunuMassiveCBPt70_140_BFilter
167768	250.6100	1.100000	0.198890	Sherpa_CT10_WtaunuMassiveCBPt70_140_CJetFilterBVeto
167769	250.5600	1.100000	0.754760	Sherpa_CT10_WtaunuMassiveCBPt70_140_CJetVetoBVeto
167776	31.16300	1.100000	0.063169	Sherpa_CT10_WtaunuMassiveCBPt140_280_BFilter
167777	31.15100	1.100000	0.220150	Sherpa_CT10_WtaunuMassiveCBPt140_280_CJetFilterBVeto
167778	31.17600	1.100000	0.716090	Sherpa_CT10_WtaunuMassiveCBPt140_280_CJetVetoBVeto
167785	1.838600	1.100000	0.083054	Sherpa_CT10_WtaunuMassiveCBPt280_500_BFilter
167786	1.839500	1.100000	0.232710	Sherpa_CT10_WtaunuMassiveCBPt280_500_CJetFilterBVeto
167787	1.836800	1.100000	0.683970	Sherpa_CT10_WtaunuMassiveCBPt280_500_CJetVetoBVeto
167794	0.101790	1.100000	0.099729	Sherpa_CT10_WtaunuMassiveCBPt500_BFilter
167795	0.101390	1.100000	0.242210	Sherpa_CT10_WtaunuMassiveCBPt500_CJetFilterBVeto
167796	0.102010	1.100000	0.660040	Sherpa_CT10_WtaunuMassiveCBPt500_CJetVetoBVeto
167749	1110.000	1.120000	0.027969	Sherpa_CT10_ZeeMassiveCBPt0_BFilter
167750	1109.600	1.120000	0.283220	Sherpa_CT10_ZeeMassiveCBPt0_CFilterBVeto
167751	1101.000	1.120000	0.688600	Sherpa_CT10_ZeeMassiveCBPt0_CVetoBVeto
180543	70.48500	1.120000	0.070673        Sherpa_CT10_ZeeMassiveCBPt40_70_BFilter
180544	70.53000	1.120000	0.341970	Sherpa_CT10_ZeeMassiveCBPt40_70_CFilterBVeto
180545	70.43100	1.120000	0.587610	Sherpa_CT10_ZeeMassiveCBPt40_70_CVetoBVeto
167797	29.49400	1.120000	0.082517	Sherpa_CT10_ZeeMassiveCBPt70_140_BFilter
167798	29.48700	1.120000	0.354970	Sherpa_CT10_ZeeMassiveCBPt70_140_CFilterBVeto
167799	29.49100	1.120000	0.562620	Sherpa_CT10_ZeeMassiveCBPt70_140_CVetoBVeto
167809	3.987700	1.120000	0.095263	Sherpa_CT10_ZeeMassiveCBPt140_280_BFilter
167810	3.981100	1.120000	0.369190	Sherpa_CT10_ZeeMassiveCBPt140_280_CFilterBVeto
167811	3.989000	1.120000	0.534310	Sherpa_CT10_ZeeMassiveCBPt140_280_CVetoBVeto
167821	0.241600	1.120000	0.107060	Sherpa_CT10_ZeeMassiveCBPt280_500_BFilter
167822	0.241280	1.120000	0.387440	Sherpa_CT10_ZeeMassiveCBPt280_500_CFilterBVeto
167823	0.241580	1.120000	0.506170	Sherpa_CT10_ZeeMassiveCBPt280_500_CVetoBVeto
167833	0.013251	1.120000	0.115190	Sherpa_CT10_ZeeMassiveCBPt500_BFilter
167834	0.013454	1.120000	0.398460	Sherpa_CT10_ZeeMassiveCBPt500_CFilterBVeto
167835	0.013307	1.120000	0.484800	Sherpa_CT10_ZeeMassiveCBPt500_CVetoBVeto
167752	1110.000	1.120000	0.027960	Sherpa_CT10_ZmumuMassiveCBPt0_BFilter
167753	1110.300	1.120000	0.283530	Sherpa_CT10_ZmumuMassiveCBPt0_CFilterBVeto
167754	1110.000	1.120000	0.688720	Sherpa_CT10_ZmumuMassiveCBPt0_CVetoBVeto
180546	70.48600	1.120000	0.070674	Sherpa_CT10_ZmumuMassiveCBPt40_70_BFilter
180547	70.46900	1.120000	0.341410	Sherpa_CT10_ZmumuMassiveCBPt40_70_CFilterBVeto
180548	70.44100	1.120000	0.587680	Sherpa_CT10_ZmumuMassiveCBPt40_70_CVetoBVeto
167800	29.49100	1.120000	0.082585	Sherpa_CT10_ZmumuMassiveCBPt70_140_BFilter
167801	29.44700	1.120000	0.354880	Sherpa_CT10_ZmumuMassiveCBPt70_140_CFilterBVeto
167802	29.52100	1.120000	0.561960	Sherpa_CT10_ZmumuMassiveCBPt70_140_CVetoBVeto
167812	3.987700	1.120000	0.095318	Sherpa_CT10_ZmumuMassiveCBPt140_280_BFilter
167813	3.991100	1.120000	0.369990	Sherpa_CT10_ZmumuMassiveCBPt140_280_CFilterBVeto
167814	3.984100	1.120000	0.534410	Sherpa_CT10_ZmumuMassiveCBPt140_280_CVetoBVeto
167824	0.241980	1.120000	0.107330	Sherpa_CT10_ZmumuMassiveCBPt280_500_BFilter
167825	0.241690	1.120000	0.386430	Sherpa_CT10_ZmumuMassiveCBPt280_500_CFilterBVeto
167826	0.242720	1.120000	0.505490	Sherpa_CT10_ZmumuMassiveCBPt280_500_CVetoBVeto
167836	0.013265	1.120000	0.116080	Sherpa_CT10_ZmumuMassiveCBPt500_BFilter
167837	0.013480	1.120000	0.398570	Sherpa_CT10_ZmumuMassiveCBPt500_CFilterBVeto
167838	0.013264	1.120000	0.486890	Sherpa_CT10_ZmumuMassiveCBPt500_CVetoBVeto
167758	5991.000	1.120000	0.029381	Sherpa_CT10_ZnunuMassiveCBPt0_BFilter
167759	5992.000	1.120000	0.279970	Sherpa_CT10_ZnunuMassiveCBPt0_CFilterBVeto
167760	5991.300	1.120000	0.690540	Sherpa_CT10_ZnunuMassiveCBPt0_CVetoBVeto
167806	166.6300	1.120000	0.084058	Sherpa_CT10_ZnunuMassiveCBPt70_140_BFilter
167807	166.6400	1.120000	0.352110	Sherpa_CT10_ZnunuMassiveCBPt70_140_CFilterBVeto
167808	166.6200	1.120000	0.563600	Sherpa_CT10_ZnunuMassiveCBPt70_140_CVetoBVeto
167818	22.50800	1.120000	0.096884	Sherpa_CT10_ZnunuMassiveCBPt140_280_BFilter
167819	22.52000	1.120000	0.367860	Sherpa_CT10_ZnunuMassiveCBPt140_280_CFilterBVeto
167820	22.51400	1.120000	0.534620	Sherpa_CT10_ZnunuMassiveCBPt140_280_CVetoBVeto
167830	1.352800	1.120000	0.108520	Sherpa_CT10_ZnunuMassiveCBPt280_500_BFilter
167831	1.355500	1.120000	0.384020	Sherpa_CT10_ZnunuMassiveCBPt280_500_CFilterBVeto
167832	1.352700	1.120000	0.506670	Sherpa_CT10_ZnunuMassiveCBPt280_500_CVetoBVeto
167842	0.073282	1.120000	0.116960	Sherpa_CT10_ZnunuMassiveCBPt500_BFilter
167843	0.073347	1.120000	0.396310	Sherpa_CT10_ZnunuMassiveCBPt500_CFilterBVeto
167844	0.073278	1.120000	0.484360	Sherpa_CT10_ZnunuMassiveCBPt500_CVetoBVeto
167755	1110.000	1.120000	0.027935	Sherpa_CT10_ZtautauMassiveCBPt0_BFilter
167756	1110.100	1.120000	0.283300	Sherpa_CT10_ZtautauMassiveCBPt0_CFilterBVeto
167757	1109.800	1.120000	0.688930	Sherpa_CT10_ZtautauMassiveCBPt0_CVetoBVeto
180549	70.44100	1.120000	0.070781	Sherpa_CT10_ZtautauMassiveCBPt40_70_BFilter
180550	70.53800	1.120000	0.341630	Sherpa_CT10_ZtautauMassiveCBPt40_70_CFilterBVeto
180551	70.52800	1.120000	0.587550	Sherpa_CT10_ZtautauMassiveCBPt40_70_CVetoBVeto
167803	29.48900	1.120000	0.082563	Sherpa_CT10_ZtautauMassiveCBPt70_140_BFilter
167804	29.49900	1.120000	0.355090	Sherpa_CT10_ZtautauMassiveCBPt70_140_CFilterBVeto
167805	29.49400	1.120000	0.562470	Sherpa_CT10_ZtautauMassiveCBPt70_140_CVetoBVeto
167815	3.998700	1.120000	0.095456	Sherpa_CT10_ZtautauMassiveCBPt140_280_BFilter
167816	3.988000	1.120000	0.369530	Sherpa_CT10_ZtautauMassiveCBPt140_280_CFilterBVeto
167817	3.987100	1.120000	0.533280	Sherpa_CT10_ZtautauMassiveCBPt140_280_CVetoBVeto
167827	0.241980	1.120000	0.107180	Sherpa_CT10_ZtautauMassiveCBPt280_500_BFilter
167828	0.241020	1.120000	0.384810	Sherpa_CT10_ZtautauMassiveCBPt280_500_CFilterBVeto
167829	0.241470	1.120000	0.507200	Sherpa_CT10_ZtautauMassiveCBPt280_500_CVetoBVeto
167839	0.013285	1.120000	0.116260	Sherpa_CT10_ZtautauMassiveCBPt500_BFilter
167840	0.013308	1.120000	0.393160	Sherpa_CT10_ZtautauMassiveCBPt500_CFilterBVeto
167841	0.013284	1.120000	0.485620	Sherpa_CT10_ZtautauMassiveCBPt500_CVetoBVeto
